FORMAT:

p-value
Feature_Name
Small Laughter Mean(Sd)
Medium Laughter Mean(Sd)
Big Laughter Mean(Sd)





1.87096305996e-14
gaze_0_x_mean = 
0.0686132772374(0.0811340772954)
0.106917065878(0.0898580220495)
0.109920618127(0.0876890120558)



4.71726525928e-17
gaze_0_y_mean = 
0.209706999492(0.0486796023665)
0.233368992561(0.0563970602495)
0.2423753018(0.0670166919379)



1.6159689988e-05
gaze_0_y_standard_deviation = 
0.0484651850166(0.0219546393712)
0.0501545191539(0.0295421615046)
0.0573276339584(0.0368195832132)



1.88964599721e-35
gaze_0_z_mean = 
-0.964701393794(0.016617502797)
-0.953677254999(0.0167831924784)
-0.950561641715(0.0181319496307)



2.10666233979e-09
gaze_0_z_standard_deviation = 
0.0143270701405(0.00751163065521)
0.0173268758574(0.0108000989521)
0.0180525251334(0.00944844556775)



6.44906421257e-28
gaze_1_x_mean = 
-0.102468400608(0.0785803492491)
-0.0623682892245(0.0894310975482)
-0.0409040142053(0.0782046895146)



4.96869625404e-22
gaze_1_y_mean = 
0.216262732896(0.0561704509993)
0.244690645668(0.0557807696262)
0.256248930342(0.0712687350399)



2.06365490806e-07
gaze_1_y_standard_deviation = 
0.0499911742959(0.0226120989737)
0.0517605525395(0.0313308749947)
0.0607576832048(0.0377089113358)



8.65528750725e-12
gaze_2_z_mean = 
-0.959900426787(0.0161177292486)
-0.954742636358(0.0143852651389)
-0.952782580885(0.0155842850855)



3.83310902654e-11
pose_Tx_mean = 
7.63588820266(36.5804448953)
-4.59018282573(58.6204063372)
-16.3011225856(56.7833605299)



5.04468301925e-06
pose_Tx_standard_deviation = 
32.8275028243(24.3566686229)
40.3975723117(29.8520796555)
41.6381065737(32.1794880653)



6.2223481234e-96
pose_Ty_mean = 
-15.8542701111(36.3802529825)
-66.4675925076(77.8958307008)
-111.874325264(69.0404733943)



2.27250729434e-07
pose_Ty_standard_deviation = 
12.1517208627(13.0187455209)
15.6114354003(21.2193026174)
19.7082871677(25.3167168892)



9.75166038294e-47
pose_Tz_mean = 
554.725484626(103.052028773)
678.488398613(218.796578228)
738.663673373(214.7996065)



4.88236305407e-10
pose_Tz_standard_deviation = 
23.3759326008(51.4669649292)
35.3954948088(78.9742994356)
59.4808631739(110.717412194)



1.29314818895e-14
pose_Rx_mean = 
-0.0412780047317(0.133440943133)
0.021860336273(0.103538139496)
-0.00674422635883(0.114181817409)



4.54072596258e-07
pose_Rx_standard_deviation = 
0.0903052946082(0.0438270859081)
0.107910881377(0.0580051124227)
0.107617355757(0.0640493876863)



1.78995332183e-06
pose_Ry_mean = 
0.0961883831917(0.18007388246)
0.0333029680839(0.234907378173)
0.0937203402041(0.203832469387)



6.38000397118e-11
pose_Ry_standard_deviation = 
0.184523881653(0.120630921134)
0.22834806759(0.116732087676)
0.236353235003(0.127448190079)



2.00011590338e-14
pose_Rz_mean = 
-0.00743100807388(0.0799206709887)
-0.0389086598781(0.0739783156986)
-0.0501528565254(0.0940244481515)



7.32818138572e-07
pose_Rz_standard_deviation = 
0.0786396453503(0.054842362835)
0.0848202112637(0.0551746789691)
0.0990990802073(0.0667092888818)



3.34031256869e-67
p_scale_mean = 
1.57781732994(0.239890497301)
1.36355068972(0.38428457036)
1.18887019564(0.309939290887)



4.70265130335e-05
p_scale_standard_deviation = 
0.0544656493924(0.0861116278838)
0.0686213520706(0.132129297671)
0.0930077439967(0.163462370548)



1.9683900279e-13
p_rx_mean = 
-0.0257034980787(0.130126944671)
0.0333876720543(0.102316076048)
0.0056997454001(0.111389935487)



9.32666465609e-07
p_rx_standard_deviation = 
0.0888462181007(0.0427142543756)
0.105731323655(0.056004217806)
0.103859308796(0.0580217382345)



9.29936681843e-07
p_ry_mean = 
0.109388890223(0.191017203856)
0.0394555931243(0.246451781304)
0.101588208895(0.212637064706)



5.26546066177e-10
p_ry_standard_deviation = 
0.196772862832(0.126696291691)
0.24103916821(0.122693013255)
0.247948834493(0.131576846971)



8.40218537245e-14
p_rz_mean = 
-0.00791423719897(0.080655704315)
-0.0390519900686(0.0742791237336)
-0.0494600780328(0.0930911272426)



3.27175453108e-06
p_rz_standard_deviation = 
0.0794735972294(0.0548934522186)
0.0854608345645(0.0544118307598)
0.0982682775697(0.0622133294873)



3.47938101099e-12
p_tx_mean = 
647.824269686(69.2584236557)
627.146029682(95.9263539523)
603.472274557(104.635154847)



0.0145964599225
p_tx_standard_deviation = 
56.7361249328(50.6677311999)
66.8578131245(68.1859239861)
68.0809030938(72.4860379848)



4.97903674129e-116
p_ty_mean = 
337.923773052(45.9096166861)
289.7652427(75.7726593365)
230.608663168(65.3442228824)



0.0230994209741
p_ty_standard_deviation = 
19.5539990686(20.9424416967)
23.647458978(30.1009772453)
24.0055533434(29.3795147264)



3.39802398063e-05
AU01_r_mean = 
0.702802735016(0.70878838184)
0.642214023835(0.643750666898)
0.517163266924(0.509245002732)



0.0345448591455
AU01_r_standard_deviation = 
0.61770924693(0.428040919612)
0.590606724423(0.402635484524)
0.548920802314(0.372984476453)



8.3291440047e-05
AU02_r_mean = 
0.276533876108(0.409223056148)
0.206084512037(0.295655794485)
0.185641028021(0.269219307823)



0.0046928537813
AU02_r_standard_deviation = 
0.329441403021(0.315083329301)
0.285817985085(0.270930339415)
0.27026699129(0.255875887971)



0.0115939928899
AU04_r_mean = 
0.319179835466(0.408069151733)
0.315864482692(0.391735588845)
0.25381723997(0.303614525198)



0.000260049010072
AU06_r_mean = 
0.3157506993(0.34404689174)
0.233254851877(0.261304864943)
0.298684626123(0.352119430272)



0.00487360458341
AU06_r_standard_deviation = 
0.297430630063(0.207112848991)
0.253339748695(0.193769554469)
0.288712546018(0.241604276219)



9.62973320714e-12
AU07_r_mean = 
0.712438445421(0.503643537718)
0.532129196684(0.454710278711)
0.502328278682(0.470103770774)



0.000373775331134
AU07_r_standard_deviation = 
0.497361655556(0.225240160807)
0.459584304269(0.244477431859)
0.431818789882(0.274394411831)



0.000299819202428
AU12_r_mean = 
0.479737788202(0.397907982435)
0.472849598872(0.424568752186)
0.577585698165(0.483096424361)



1.75389747614e-29
AU14_r_mean = 
0.57156148303(0.45479031353)
0.387632545305(0.377521335794)
0.278444208638(0.283300356002)



1.9796308183e-08
AU14_r_standard_deviation = 
0.411640679545(0.188544308358)
0.356980571969(0.221142319784)
0.330266290762(0.214548274446)



0.000298385648204
AU15_r_standard_deviation = 
0.289023131242(0.230547590224)
0.329368977361(0.211906107121)
0.353758939146(0.283395202289)



2.27690257411e-11
AU17_r_standard_deviation = 
0.521493042469(0.213994076045)
0.584587661938(0.256489413877)
0.643455101767(0.302624156044)



0.00324829376174
AU20_r_standard_deviation = 
0.220653638376(0.132335132555)
0.228273986612(0.140183811156)
0.25027255138(0.137080751594)



0.00124400653344
AU23_r_mean = 
0.381904075973(0.349011843396)
0.332838200542(0.294867773705)
0.30797300581(0.279252197122)



0.00594377962908
AU26_r_mean = 
0.6546615787(0.319074689517)
0.730345579346(0.377026608214)
0.701046049197(0.376586384394)



4.26921442948e-06
AU26_r_standard_deviation = 
0.617986985234(0.214995780512)
0.683966076043(0.225701012306)
0.682449766336(0.240443379257)



0.00775351968539
AU45_r_standard_deviation = 
0.431942233095(0.243981893526)
0.466442472652(0.237299733677)
0.481817366124(0.257751540194)



0.0326254503903
AU01_c_mean = 
0.328018840575(0.30484395402)
0.345425556184(0.291176156953)
0.296314759987(0.26041337007)



0.0374033376549
AU01_c_standard_deviation = 
0.301525536826(0.194551020897)
0.330688343893(0.182252644899)
0.327419550476(0.185872133792)



0.0288009418775
AU02_c_standard_deviation = 
0.301583812522(0.19358026611)
0.330845902739(0.181878119051)
0.329616786692(0.185515240487)



5.84384510295e-08
AU04_c_mean = 
0.36297799012(0.318757507781)
0.348463052447(0.288807216248)
0.26056985461(0.250306725231)



0.0451955208784
AU04_c_standard_deviation = 
0.301457336512(0.200254993732)
0.332472576457(0.185495873202)
0.31611434334(0.176331650139)



1.05527559875e-05
AU05_c_mean = 
0.450012706749(0.334094665913)
0.443114981424(0.320191861217)
0.53634545452(0.321538827977)



4.85231257451e-07
AU06_c_mean = 
0.368435193478(0.327595937305)
0.261978973927(0.265341432239)
0.313649762116(0.291311275136)



0.00119010146371
AU07_c_mean = 
0.480904816715(0.336130971716)
0.404497666546(0.307000400368)
0.431061989809(0.309301139424)



9.39004507221e-09
AU10_c_mean = 
0.557930170351(0.27963912119)
0.442467538073(0.290297284108)
0.485544881105(0.291714101591)



6.31357893968e-06
AU12_c_mean = 
0.25375474748(0.263587980153)
0.243008358628(0.267497532706)
0.326069158102(0.297818115369)



0.0151564389751
AU12_c_standard_deviation = 
0.291650961828(0.190051363466)
0.275263914154(0.194293557734)
0.311874175165(0.186792984392)



3.69405252474e-23
AU14_c_mean = 
0.505724078236(0.319368023735)
0.372237314112(0.301857381371)
0.306027754892(0.263659469264)



0.00167251808953
AU15_c_mean = 
0.26486082969(0.215208501135)
0.314902187147(0.239962120598)
0.303993111295(0.207403704057)



0.00370422461086
AU15_c_standard_deviation = 
0.355576542428(0.152962565399)
0.371816153621(0.14611023647)
0.388089786404(0.138838212281)



0.0124819790357
AU17_c_mean = 
0.374583322725(0.238401693829)
0.402668300696(0.256751631276)
0.354601635082(0.239684817976)



0.023118922309
AU20_c_standard_deviation = 
0.248442295525(0.187992898773)
0.277834075438(0.174186547074)
0.274474405552(0.166362101369)



1.06562800374e-39
AU23_c_mean = 
0.316392588711(0.275878252458)
0.186740321498(0.220926352545)
0.110779374014(0.168770399725)



4.00025215989e-36
AU23_c_standard_deviation = 
0.343139014541(0.154781496103)
0.273784093064(0.170899034993)
0.195806693426(0.179704835322)



0.0153681864592
AU25_c_mean = 
0.377990071386(0.210438578171)
0.415291520194(0.217188503773)
0.410666016002(0.207556783702)



3.62720580068e-07
AU26_c_mean = 
0.305118076704(0.197910154507)
0.366181577798(0.205263389015)
0.370740005612(0.201896882395)


//////////////////

0.000913135423734
AU26_c_standard_deviation = 
0.397052678199(0.129745104022)
0.421969899453(0.116572265267)
0.424358414859(0.117800513992)
/usr/local/lib/python2.7/site-packages/scipy/stats/stats.py:2508: RuntimeWarning: invalid value encountered in double_scalars
  f = msb / msw



3.40456005131e-05
AU28_c_mean = 
0.0916662112567(0.144617732945)
0.0880205913496(0.153012013572)
0.0549725488578(0.0963615695881)


//////////////////


0.00650750219357
AU28_c_standard_deviation = 
0.169725143948(0.185030568238)
0.154106951452(0.183493947598)
0.132650308694(0.159492459837)



7.41585085539e-07
eyebrow_raise_mean = 
0.538793467572(0.129598376218)
0.545359993537(0.142598089699)
0.498735118592(0.153635745201)



0.0245121941695
eyebrow_raise_standard_deviation = 
0.0824396664944(0.0526334822198)
0.0856802502442(0.0509318193453)
0.0762126836081(0.0556551205521)



2.29645975853e-34
frown_mean = 
0.662850398169(0.129808847451)
0.590159778244(0.168734259788)
0.533193684937(0.157565303194)



2.75358539182e-06
frown_standard_deviation = 
0.0726824764615(0.0648685043466)
0.0957879109165(0.0685360454075)
0.0848798501754(0.071957830955)